000000	0 + 7 | 
000001	1	7
000000	0 + 8 | 
000010	2	8
000010	8 + 2 | 000001	7 + 18 | 
000011	1	10
000000	0 + 9 | 
000100	3	9
000100	9 + 20 | 000001	7 + 19 | 
000101	3	26
000100	9 + 13 | 000010	8 + 6 | 
000110	3	14
000110	14 + 20 | 000101	26 + 13 | 000011	10 + 19 | 
000111	3	29
000000	0 + 2 | 
001000	4	2
001000	2 + 8 | 000001	7 + 5 | 
001001	1	10
001000	2 + 9 | 000010	8 + 12 | 
001010	2	11
001010	11 + 2 | 001001	10 + 18 | 000011	10 + 5 | 
001011	1	13
001000	2 + 10 | 000100	9 + 3 | 
001100	3	12
001100	12 + 20 | 001001	10 + 19 | 000101	26 + 3 | 
001101	3	29
001100	12 + 13 | 001010	11 + 6 | 000110	14 + 3 | 
001110	3	17
001110	17 + 20 | 001101	29 + 13 | 001011	13 + 19 | 000111	29 + 3 | 
001111	3	32
000000	0 + 1 | 
010000	5	1
010000	1 + 3 | 000001	7 + 1 | 
010001	1	4
010000	1 + 3 | 000010	8 + 1 | 
010010	2	4
010010	4 + 2 | 010001	4 + 18 | 000011	10 + 1 | 
010011	1	6
010000	1 + 3 | 000100	9 + 1 | 
010100	3	4
010100	4 + 20 | 010001	4 + 19 | 000101	26 + 1 | 
010101	3	23
010100	4 + 13 | 010010	4 + 6 | 000110	14 + 1 | 
010110	3	10
010110	10 + 20 | 010101	23 + 13 | 010011	6 + 19 | 000111	29 + 1 | 
010111	3	25
010000	1 + 3 | 001000	2 + 1 | 
011000	5	3
011000	3 + 3 | 010001	4 + 5 | 001001	10 + 1 | 
011001	1	6
011000	3 + 3 | 010010	4 + 12 | 001010	11 + 1 | 
011010	2	6
011010	6 + 2 | 011001	6 + 18 | 010011	6 + 5 | 001011	13 + 1 | 
011011	1	8
011000	3 + 3 | 010100	4 + 3 | 001100	12 + 1 | 
011100	3	6
011100	6 + 20 | 011001	6 + 19 | 010101	23 + 3 | 001101	29 + 1 | 
011101	3	25
011100	6 + 13 | 011010	6 + 6 | 010110	10 + 3 | 001110	17 + 1 | 
011110	3	12
